    584.0000       622.0000       604.0000       642.0000
    608.0000       602.0000       627.0000       620.0000
    629.0000       574.0000       648.0000       592.0000
    623.0000       418.0000       642.0000       436.0000
    557.0000       374.0000       576.0000       392.0000
    435.0000       368.0000       454.0000       386.0000
    392.0000       390.0000       411.0000       408.0000
    388.0000       405.0000       407.0000       423.0000
    386.0000       409.0000       405.0000       427.0000
    387.0000       416.0000       406.0000       434.0000
    390.0000       424.0000       409.0000       442.0000
    390.0000       428.0000       409.0000       446.0000
    390.0000       436.0000       409.0000       454.0000
    388.0000       448.0000       407.0000       466.0000
    385.0000       459.0000       404.0000       477.0000
    386.0000       470.0000       405.0000       488.0000
    384.0000       488.0000       403.0000       506.0000
    385.0000       492.0000       404.0000       510.0000
    394.0000       506.0000       413.0000       524.0000
    398.0000       520.0000       417.0000       538.0000
    406.0000       534.0000       425.0000       552.0000
    396.0000       570.0000       415.0000       588.0000
    417.0000       597.0000       436.0000       615.0000
    445.0000       615.0000       464.0000       633.0000
    496.0000       631.0000       515.0000       649.0000
    533.0000       659.0000       552.0000       677.0000
    556.0000       617.0000       575.0000       635.0000
    594.0000       416.0000       613.0000       434.0000
    592.0000       407.0000       611.0000       425.0000
    582.0000       394.0000       601.0000       412.0000
    579.0000       389.0000       598.0000       407.0000
    608.0000       392.0000       627.0000       410.0000
    617.0000       376.0000       636.0000       394.0000
    600.0000       371.0000       619.0000       389.0000
    585.0000       369.0000       604.0000       387.0000
    579.0000       366.0000       598.0000       384.0000
    566.0000       358.0000       585.0000       376.0000
    552.0000       358.0000       571.0000       376.0000
    629.0000       391.0000       648.0000       409.0000
    636.0000       397.0000       655.0000       415.0000
    642.0000       413.0000       661.0000       431.0000
    639.0000       426.0000       658.0000       444.0000
    633.0000       434.0000       652.0000       452.0000
    619.0000       441.0000       638.0000       459.0000
    612.0000       428.0000       631.0000       446.0000
    608.0000       419.0000       627.0000       437.0000
    563.0000       393.0000       582.0000       411.0000
    554.0000       387.0000       573.0000       405.0000
    546.0000       378.0000       565.0000       396.0000
    544.0000       374.0000       563.0000       392.0000
    400.0000       369.0000       419.0000       387.0000
    407.0000       362.0000       426.0000       380.0000
    415.0000       355.0000       434.0000       373.0000
    426.0000       352.0000       445.0000       370.0000
    434.0000       351.0000       453.0000       369.0000
    410.0000       370.0000       429.0000       388.0000
    411.0000       378.0000       430.0000       396.0000
    442.0000       355.0000       461.0000       373.0000
    423.0000       367.0000       442.0000       385.0000
    444.0000       358.0000       463.0000       376.0000
    403.0000       552.0000       422.0000       570.0000
    409.0000       582.0000       428.0000       600.0000
    452.0000       624.0000       471.0000       642.0000
    475.0000       635.0000       494.0000       653.0000
    484.0000       650.0000       503.0000       668.0000
    500.0000       651.0000       519.0000       669.0000
    523.0000       644.0000       542.0000       662.0000
    536.0000       643.0000       555.0000       661.0000
    545.0000       647.0000       564.0000       665.0000
    549.0000       646.0000       568.0000       664.0000
    529.0000       665.0000       548.0000       683.0000
    518.0000       668.0000       537.0000       686.0000
    504.0000       666.0000       523.0000       684.0000
    627.0000       615.0000       646.0000       633.0000
    629.0000       599.0000       648.0000       617.0000
    636.0000       587.0000       655.0000       605.0000
    644.0000       576.0000       663.0000       594.0000
    647.0000       564.0000       666.0000       582.0000
    646.0000       554.0000       665.0000       572.0000
    642.0000       539.0000       661.0000       557.0000
    390.0000       535.0000       409.0000       553.0000
    385.0000       521.0000       404.0000       539.0000