    584.0000       622.0000       604.0000       642.0000       1950.115
    608.0000       602.0000       627.0000       620.0000       1945.257
    629.0000       574.0000       648.0000       592.0000       1946.580
    623.0000       418.0000       642.0000       436.0000       1950.182
    557.0000       374.0000       576.0000       392.0000       1962.600
    435.0000       368.0000       454.0000       386.0000       1990.070
    392.0000       390.0000       411.0000       408.0000       2013.273
    388.0000       405.0000       407.0000       423.0000       2019.727
    386.0000       409.0000       405.0000       427.0000       2024.035
    387.0000       416.0000       406.0000       434.0000       2026.325
    390.0000       424.0000       409.0000       442.0000       2024.991
    390.0000       428.0000       409.0000       446.0000       2027.358
    390.0000       436.0000       409.0000       454.0000       2028.666
    388.0000       448.0000       407.0000       466.0000       2034.240
    385.0000       459.0000       404.0000       477.0000       2038.119
    386.0000       470.0000       405.0000       488.0000       2034.414
    384.0000       488.0000       403.0000       506.0000       2032.781
    385.0000       492.0000       404.0000       510.0000       2033.419
    394.0000       506.0000       413.0000       524.0000       2027.631
    398.0000       520.0000       417.0000       538.0000       2033.035
    406.0000       534.0000       425.0000       552.0000       2040.037
    396.0000       570.0000       415.0000       588.0000       2019.197
    417.0000       597.0000       436.0000       615.0000       2014.600
    445.0000       615.0000       464.0000       633.0000       2020.243
    496.0000       631.0000       515.0000       649.0000       1982.269
    533.0000       659.0000       552.0000       677.0000       1961.211
    556.0000       617.0000       575.0000       635.0000       1965.398
    594.0000       416.0000       613.0000       434.0000       1956.032
    592.0000       407.0000       611.0000       425.0000       1957.544
    582.0000       394.0000       601.0000       412.0000       1956.718
    579.0000       389.0000       598.0000       407.0000       1957.480
    608.0000       392.0000       627.0000       410.0000       1948.717
    617.0000       376.0000       636.0000       394.0000       1947.744
    600.0000       371.0000       619.0000       389.0000       1957.004
    585.0000       369.0000       604.0000       387.0000       1960.719
    579.0000       366.0000       598.0000       384.0000       1954.319
    566.0000       358.0000       585.0000       376.0000       1962.203
    552.0000       358.0000       571.0000       376.0000       1969.537
    629.0000       391.0000       648.0000       409.0000       1942.096
    636.0000       397.0000       655.0000       415.0000       1944.021
    642.0000       413.0000       661.0000       431.0000       1948.309
    639.0000       426.0000       658.0000       444.0000       1948.351
    633.0000       434.0000       652.0000       452.0000       1946.990
    619.0000       441.0000       638.0000       459.0000       1946.300
    612.0000       428.0000       631.0000       446.0000       1953.586
    608.0000       419.0000       627.0000       437.0000       1956.406
    563.0000       393.0000       582.0000       411.0000       1966.776
    554.0000       387.0000       573.0000       405.0000       1970.565
    546.0000       378.0000       565.0000       396.0000       1967.841
    544.0000       374.0000       563.0000       392.0000       1965.263
    400.0000       369.0000       419.0000       387.0000       2005.558
    407.0000       362.0000       426.0000       380.0000       1997.575
    415.0000       355.0000       434.0000       373.0000       1993.740
    426.0000       352.0000       445.0000       370.0000       1988.776
    434.0000       351.0000       453.0000       369.0000       1985.114
    410.0000       370.0000       429.0000       388.0000       2000.377
    411.0000       378.0000       430.0000       396.0000       2004.106
    442.0000       355.0000       461.0000       373.0000       1986.365
    423.0000       367.0000       442.0000       385.0000       1993.743
    444.0000       358.0000       463.0000       376.0000       1984.834
    403.0000       552.0000       422.0000       570.0000       2034.738
    409.0000       582.0000       428.0000       600.0000       2022.917
    452.0000       624.0000       471.0000       642.0000       2016.438
    475.0000       635.0000       494.0000       653.0000       1992.000
    484.0000       650.0000       503.0000       668.0000       1983.099
    500.0000       651.0000       519.0000       669.0000       1976.133
    523.0000       644.0000       542.0000       662.0000       1968.612
    536.0000       643.0000       555.0000       661.0000       1965.643
    545.0000       647.0000       564.0000       665.0000       1962.787
    549.0000       646.0000       568.0000       664.0000       1962.027
    529.0000       665.0000       548.0000       683.0000       1962.086
    518.0000       668.0000       537.0000       686.0000       1965.434
    504.0000       666.0000       523.0000       684.0000       1974.538
    627.0000       615.0000       646.0000       633.0000       1943.351
    629.0000       599.0000       648.0000       617.0000       1943.062
    636.0000       587.0000       655.0000       605.0000       1940.467
    644.0000       576.0000       663.0000       594.0000       1943.961
    647.0000       564.0000       666.0000       582.0000       1943.719
    646.0000       554.0000       665.0000       572.0000       1944.809
    642.0000       539.0000       661.0000       557.0000       1944.512
    390.0000       535.0000       409.0000       553.0000       2036.397
    385.0000       521.0000       404.0000       539.0000
